[x] Opening connection to mq.eatpwnnosleep.com on port 12345
[x] Opening connection to mq.eatpwnnosleep.com on port 12345: Trying 13.125.156.74
[+] Opening connection to mq.eatpwnnosleep.com on port 12345: Done
[50, 121, 14, 52, 115, 37, 31, 24, 124, 18, 39, 44, 118, 95, 86, 114, 78, 16, 90, 119, 92, 103, 25, 13, 114, 56, 23, 73, 88, 20, 0, 13]
[[70, 125, 91, 116, 47, 49, 96, 62, 37, 36, 47, 68, 113, 103, 118, 118, 97, 98, 23, 8, 129, 15, 42, 5, 27, 123, 124, 52, 92, 127, 38, 50], [125, 5, 126, 69, 29, 44, 116, 45, 41, 7, 25, 101, 6, 42, 119, 115, 129, 104, 86, 54, 94, 77, 48, 7, 16, 35, 36, 11, 88, 56, 36, 31], [91, 126, 6, 54, 73, 75, 90, 20, 62, 12, 111, 98, 23, 22, 36, 78, 68, 45, 75, 43, 61, 71, 62, 1, 64, 90, 110, 38, 85, 25, 102, 11], [116, 69, 54, 108, 21, 26, 55, 116, 33, 38, 78, 79, 78, 28, 5, 94, 62, 69, 89, 103, 56, 44, 84, 121, 84, 101, 102, 88, 42, 124, 48, 17], [47, 29, 73, 21, 56, 56, 26, 53, 96, 24, 3, 5, 101, 119, 127, 108, 87, 2, 28, 85, 54, 121, 77, 102, 37, 98, 12, 12, 120, 51, 72, 120], [49, 44, 75, 26, 56, 74, 44, 10, 86, 62, 12, 89, 19, 53, 73, 69, 43, 34, 37, 86, 65, 18, 79, 50, 1, 98, 66, 128, 76, 95, 63, 67], [96, 116, 90, 55, 26, 44, 19, 118, 54, 47, 72, 19, 34, 11, 45, 38, 6, 104, 91, 67, 68, 99, 128, 16, 11, 26, 123, 108, 47, 75, 34, 29], [62, 45, 20, 116, 53, 10, 118, 56, 87, 102, 42, 112, 83, 1, 76, 100, 100, 115, 71, 62, 95, 117, 98, 83, 79, 7, 98, 85, 74, 93, 56, 62], [37, 41, 62, 33, 96, 86, 54, 87, 118, 84, 17, 79, 76, 29, 95, 107, 110, 39, 24, 19, 80, 0, 50, 13, 103, 30, 79, 40, 91, 71, 56, 72], [36, 7, 12, 38, 24, 62, 47, 102, 84, 26, 33, 15, 42, 102, 2, 13, 55, 4, 87, 17, 36, 102, 111, 28, 105, 3, 98, 112, 96, 108, 107, 77], [47, 25, 111, 78, 3, 12, 72, 42, 17, 33, 0, 67, 130, 81, 118, 18, 35, 66, 123, 24, 33, 98, 35, 95, 30, 35, 36, 84, 27, 42, 13, 49], [68, 101, 98, 79, 5, 89, 19, 112, 79, 15, 67, 37, 52, 128, 42, 87, 54, 65, 5, 76, 31, 42, 20, 96, 47, 40, 66, 80, 11, 85, 14, 99], [113, 6, 23, 78, 101, 19, 34, 83, 76, 42, 130, 52, 28, 116, 100, 45, 111, 102, 47, 127, 77, 60, 90, 76, 113, 67, 21, 1, 42, 112, 45, 61], [103, 42, 22, 28, 119, 53, 11, 1, 29, 102, 81, 128, 116, 34, 56, 1, 91, 114, 68, 97, 128, 29, 45, 89, 40, 100, 72, 45, 111, 126, 96, 70], [118, 119, 36, 5, 127, 73, 45, 76, 95, 2, 118, 42, 100, 56, 120, 33, 95, 64, 72, 75, 77, 114, 17, 53, 84, 69, 100, 16, 30, 6, 103, 130], [118, 115, 78, 94, 108, 69, 38, 100, 107, 13, 18, 87, 45, 1, 33, 77, 77, 104, 11, 46, 124, 116, 46, 94, 37, 66, 55, 1, 53, 112, 105, 16], [97, 129, 68, 62, 87, 43, 6, 100, 110, 55, 35, 54, 111, 91, 95, 77, 10, 47, 62, 121, 123, 0, 13, 26, 38, 26, 68, 43, 7, 130, 121, 114], [98, 104, 45, 69, 2, 34, 104, 115, 39, 4, 66, 65, 102, 114, 64, 104, 47, 121, 77, 8, 87, 115, 65, 54, 106, 31, 91, 113, 100, 49, 35, 17], [23, 86, 75, 89, 28, 37, 91, 71, 24, 87, 123, 5, 47, 68, 72, 11, 62, 77, 23, 123, 53, 65, 95, 95, 104, 46, 30, 73, 21, 99, 66, 50], [8, 54, 43, 103, 85, 86, 67, 62, 19, 17, 24, 76, 127, 97, 75, 46, 121, 8, 123, 84, 42, 13, 57, 125, 94, 50, 2, 92, 96, 4, 70, 129], [129, 94, 61, 56, 54, 65, 68, 95, 80, 36, 33, 31, 77, 128, 77, 124, 123, 87, 53, 42, 125, 61, 77, 108, 72, 122, 63, 62, 100, 63, 41, 49], [15, 77, 71, 44, 121, 18, 99, 117, 0, 102, 98, 42, 60, 29, 114, 116, 0, 115, 65, 13, 61, 19, 13, 82, 35, 130, 47, 70, 11, 5, 3, 110], [42, 48, 62, 84, 77, 79, 128, 98, 50, 111, 35, 20, 90, 45, 17, 46, 13, 65, 95, 57, 77, 13, 51, 65, 23, 15, 102, 111, 48, 24, 34, 87], [5, 7, 1, 121, 102, 50, 16, 83, 13, 28, 95, 96, 76, 89, 53, 94, 26, 54, 95, 125, 108, 82, 65, 46, 52, 84, 38, 113, 85, 22, 96, 6], [27, 16, 64, 84, 37, 1, 11, 79, 103, 105, 30, 47, 113, 40, 84, 37, 38, 106, 104, 94, 72, 35, 23, 52, 77, 38, 97, 40, 22, 72, 19, 23], [123, 35, 90, 101, 98, 98, 26, 7, 30, 3, 35, 40, 67, 100, 69, 66, 26, 31, 46, 50, 122, 130, 15, 84, 38, 128, 68, 36, 0, 75, 64, 19], [124, 36, 110, 102, 12, 66, 123, 98, 79, 98, 36, 66, 21, 72, 100, 55, 68, 91, 30, 2, 63, 47, 102, 38, 97, 68, 10, 23, 62, 71, 78, 119], [52, 11, 38, 88, 12, 128, 108, 85, 40, 112, 84, 80, 1, 45, 16, 1, 43, 113, 73, 92, 62, 70, 111, 113, 40, 36, 23, 38, 10, 55, 77, 42], [92, 88, 85, 42, 120, 76, 47, 74, 91, 96, 27, 11, 42, 111, 30, 53, 7, 100, 21, 96, 100, 11, 48, 85, 22, 0, 62, 10, 61, 19, 37, 109], [127, 56, 25, 124, 51, 95, 75, 93, 71, 108, 42, 85, 112, 126, 6, 112, 130, 49, 99, 4, 63, 5, 24, 22, 72, 75, 71, 55, 19, 35, 56, 81], [38, 36, 102, 48, 72, 63, 34, 56, 56, 107, 13, 14, 45, 96, 103, 105, 121, 35, 66, 70, 41, 3, 34, 96, 19, 64, 78, 77, 37, 56, 75, 118], [50, 31, 11, 17, 120, 67, 29, 62, 72, 77, 49, 99, 61, 70, 130, 16, 114, 17, 50, 129, 49, 110, 87, 6, 23, 19, 119, 42, 109, 81, 118, 13]]
[*] Closed connection to mq.eatpwnnosleep.com port 12345
